<?xml version="1.0"?>
<opencv_storage>
<mine1_mean>
  1.6713691916226267e+02 1.6713691916226267e+02 1.6713691916226267e+02</mine1_mean>
<mine1_dev>
  7.0525430728148010e+01 6.1277928609936140e+01 6.0534614162964139e+01</mine1_dev>
<mine2_mean>
  1.5562224734042553e+02 1.5562224734042553e+02 1.5562224734042553e+02</mine2_mean>
<mine2_dev>
  4.7208431196009506e+01 5.0969192933406283e+01 5.2954413381121576e+01</mine2_dev>
<mine3_mean>
  1.3234023287529092e+02 1.3234023287529092e+02 1.3234023287529092e+02</mine3_mean>
<mine3_dev>
